[[0,0,0,0,0,1,0,1,1,1,0,0,1,1,1,1,0,0,1,1,1,0,1,1],
 [0,0,0,1,0,0,0,0,1,1,1,0,0,1,1,0,1,1,0,1,0,1,1,1],
 [0,0,0,0,1,0,1,1,1,1,1,0,1,0,0,1,1,0,0,1,1,1,0,0],
 [0,1,0,0,0,1,0,0,0,1,1,1,1,0,0,1,0,1,1,0,1,1,1,0],
 [0,0,1,0,0,1,1,1,0,1,0,1,0,1,1,1,1,1,0,0,0,0,1,0],
 [1,0,0,1,1,0,0,1,1,0,0,1,1,1,1,0,0,1,0,0,1,1,0,0],
 [0,0,1,0,1,0,0,0,0,0,1,1,0,1,1,1,0,1,1,1,1,1,0,1],
 [1,0,1,0,1,1,0,0,1,1,0,1,0,0,0,0,1,0,0,0,1,1,1,1],
 [1,1,1,0,0,1,0,1,0,0,1,0,1,0,1,1,1,1,0,0,0,1,0,1],
 [1,1,1,1,1,0,0,1,0,0,1,0,0,1,0,1,0,0,0,0,1,0,1,1],
 [0,1,1,1,0,0,1,0,1,1,0,1,1,1,0,1,0,0,0,0,0,1,0,1],
 [0,0,0,1,1,1,1,1,0,0,1,0,1,1,0,0,1,0,1,0,0,1,1,1],
 [1,0,1,1,0,1,0,0,1,0,1,1,0,1,0,1,1,0,1,1,0,0,0,0],
 [1,1,0,0,1,1,1,0,0,1,1,1,1,0,1,0,0,0,0,1,0,0,0,1],
 [1,1,0,0,1,1,1,0,1,0,0,0,0,1,0,1,0,1,0,1,0,1,1,0],
 [1,0,1,1,1,0,1,0,1,1,1,0,1,0,1,0,0,1,1,0,0,0,1,0],
 [0,1,1,0,1,0,0,1,1,0,0,1,1,0,0,0,0,1,1,1,0,0,1,1],
 [0,1,0,1,1,1,1,0,1,0,0,0,0,0,1,1,1,0,1,0,1,0,0,1],
 [1,0,0,1,0,0,1,0,0,0,0,1,1,0,0,1,1,1,0,1,1,0,1,1],
 [1,1,1,0,0,0,1,0,0,0,0,0,1,1,1,0,1,0,1,0,1,1,1,0],
 [1,0,1,1,0,1,1,1,0,1,0,0,0,0,0,0,0,1,1,1,0,1,0,1],
 [0,1,1,1,0,1,1,1,1,0,1,1,0,0,1,0,0,0,0,1,1,0,1,0],
 [1,1,0,1,1,0,0,1,0,1,0,1,0,0,1,1,1,0,1,1,0,1,0,0],
 [1,1,0,0,0,0,1,1,1,1,1,1,0,1,0,0,1,1,1,0,1,0,0,0]]

search_function_used = tabu_nolimit
seed_for_search_until_success = 1963466437
total_steps = 603867
